refined calib:
-------------------------
imu2lidar T:
R: 
0.741097 -0.671041 -0.0219154
 0.670889 0.741411 -0.0147418
 0.0261407 -0.00377772 0.999651
t: 
-1.86949 -0.934037 -0.753003
-------------------------
lidar2imu T:
R: 
0.741097 0.670889 0.0261407
 -0.671041 0.741411 -0.00377772
 -0.0219154 -0.0147418 0.999651
t: 
2.03179 -0.564841 0.698
-------------------------
deltaTrans:
   0.998532  -0.0498664   0.0211555  -0.0151095
  0.0495372    0.998647    0.015813 -0.00781382
 -0.0219154  -0.0147418    0.999651           0
          0           0           0           1
delta roll, pitch, yaw, tx, ty, tz:
-0.0152855 0.0215469 0.0497281 -0.0151095 -0.00781382 0
delta roll, pitch, yaw, tx, ty, tz from begin:
-0.0152855 0.0215469 0.0497281 -0.0151095 -0.00781382 1.39065e-309
