refined calib:
-------------------------
imu2lidar T:
R: 
0.745413 -0.6664 0.0164418
 0.666588 0.745333 -0.0117868
 -0.0043999 0.019746 0.999795
t: 
-1.89142 -0.940614 -0.678127
-------------------------
lidar2imu T:
R: 
0.745413 0.666588 -0.0043999
 -0.6664 0.745333 0.019746
 0.0164418 -0.0117868 0.999795
t: 
2.03391 -0.54598 0.698
-------------------------
deltaTrans:
  0.998303 -0.0556809 -0.0170737 -0.0269506
 0.0558708   0.998379  0.0108513 0.00701896
 0.0164418 -0.0117868   0.999795          0
         0          0          0          1
delta roll, pitch, yaw, tx, ty, tz:
-0.0113257 -0.0167676 0.0558086 -0.0269506 0.00701896 0
delta roll, pitch, yaw, tx, ty, tz from begin:
-0.0113257 -0.0167676 0.0558086 -0.0269506 0.00701896 6.65282e-310
