refined calib:
-------------------------
imu2lidar T:
R: 
0.998505 -0.00322958 0.0545703
 0.00344012 0.999987 -0.00376466
 -0.0545575 0.00394676 0.998503
t: 
-1.89225 0.0356505 -1.30656
-------------------------
lidar2imu T:
R: 
0.998505 0.00344012 -0.0545575
 -0.00322958 0.999987 0.00394676
 0.0545703 -0.00376466 0.998503
t: 
1.81801 -0.0366045 1.408
-------------------------
deltaTrans:
   0.998505  0.00344012  -0.0545575   -0.145987
-0.00322958    0.999987  0.00394676  -0.0366045
  0.0545703 -0.00376466    0.998503           0
          0           0           0           1
delta roll, pitch, yaw, tx, ty, tz:
-0.00385764 -0.0545912 -0.00333653 -0.145987 -0.0366045 0
delta roll, pitch, yaw, tx, ty, tz from begin:
-0.00385764 -0.0545912 -0.00333653 -0.145987 -0.0366045 6.38664e-310
