refined calib:
-------------------------
imu2lidar T:
R: 
0.998549 -0.000764499 0.0538385
 0.00115005 0.999974 -0.00713059
 -0.0538317 0.00718216 0.998524
t: 
-1.93389 0.069534 -1.30531
-------------------------
lidar2imu T:
R: 
0.998549 0.00115005 -0.0538317
 -0.000764499 0.999974 0.00718216
 0.0538385 -0.00713059 0.998524
t: 
1.86074 -0.0616357 1.408
-------------------------
deltaTrans:
    0.998549   0.00115005   -0.0538317     -0.10326
-0.000764499     0.999974   0.00718216   -0.0616357
   0.0538385  -0.00713059     0.998524            0
           0            0            0            1
delta roll, pitch, yaw, tx, ty, tz:
-0.0071599 -0.0538616 -0.000957744 -0.10326 -0.0616357 0
delta roll, pitch, yaw, tx, ty, tz from begin:
-0.0071599 -0.0538616 -0.000957744 -0.10326 -0.0616357 1.39065e-309
