refined calib:
-------------------------
imu2lidar T:
R: 
-0.647604 0.761852 0.0138013
 -0.761969 -0.647575 -0.00701858
 0.00359029 -0.0150615 0.99988
t: 
-0.938565 -0.12325 -0.685994
-------------------------
lidar2imu T:
R: 
-0.647604 -0.761969 0.00359029
 0.761852 -0.647575 -0.0150615
 0.0138013 -0.00701858 0.99988
t: 
-0.699268 0.624902 0.698
-------------------------
deltaTrans:
   0.996636   0.0808884  -0.0131888  -0.0451347
 -0.0807861    0.996698  0.00811134  -0.0888366
  0.0138013 -0.00701858     0.99988           0
          0           0           0           1
delta roll, pitch, yaw, tx, ty, tz:
-0.00757353 -0.0135103 -0.0809288 -0.0451347 -0.0888366 0
delta roll, pitch, yaw, tx, ty, tz from begin:
-0.00757353 -0.0135103 -0.0809288 -0.0451347 -0.0888366 6.67145e-310
