refined calib:
-------------------------
imu2lidar T:
R: 
-0.537801 -0.8421 -0.0404699
 0.843062 -0.536944 -0.0306309
 0.00406418 -0.050592 0.998711
t: 
-0.672986 0.367701 -0.714894
-------------------------
lidar2imu T:
R: 
-0.537801 0.843062 0.00406418
 -0.8421 -0.536944 -0.050592
 -0.0404699 -0.0306309 0.998711
t: 
-0.669022 -0.405454 0.698
-------------------------
deltaTrans:
  0.975737  -0.216458  0.0329001  -0.221695
  0.215172   0.975811  0.0386477 -0.0449489
-0.0404699 -0.0306309   0.998711          0
         0          0          0          1
delta roll, pitch, yaw, tx, ty, tz:
-0.0349293 0.0369922 0.217622 -0.221695 -0.0449489 0
delta roll, pitch, yaw, tx, ty, tz from begin:
-0.0349293 0.0369922 0.217622 -0.221695 -0.0449489 6.52039e-310
