refined calib:
-------------------------
imu2lidar T:
R: 
0.728311 0.683501 -0.048885
 -0.685231 0.726927 -0.045124
 0.00469347 0.0663618 0.997785
t: 
-1.70582 0.999887 -0.737905
-------------------------
lidar2imu T:
R: 
0.728311 -0.685231 0.00469347
 0.683501 0.726927 0.0663618
 -0.048885 -0.045124 0.997785
t: 
1.93098 0.488054 0.698
-------------------------
deltaTrans:
 0.998302 0.0294831 0.0502437 -0.140688
-0.031685  0.998546 0.0436061 0.0247991
-0.048885 -0.045124  0.997785         0
        0         0         0         1
delta roll, pitch, yaw, tx, ty, tz:
-0.0444048 0.0496087 -0.0306114 -0.140688 0.0247991 0
delta roll, pitch, yaw, tx, ty, tz from begin:
-0.0444048 0.0496087 -0.0306114 -0.140688 0.0247991 6.22395e-310
